0 0.21875 0.83203125 0.1671875 0.27578125
0 0.35859375 0.8171875 0.134375 0.30078125
0 0.0578125 0.903125 0.11328125 0.17578125
0 0.0578125 0.728125 0.11328125 0.18359375
0 0.0609375 0.50625 0.1203125 0.26171875
0 0.0640625 0.31640625 0.1265625 0.1734375
0 0.0671875 0.125 0.13359375 0.22421875
0 0.21171875 0.5859375 0.134375 0.20625
0 0.33515625 0.59375 0.12578125 0.22890625
0 0.45390625 0.59921875 0.13203125 0.29921875
0 0.5640625 0.58125 0.121875 0.278125
0 0.69921875 0.584375 0.20703125 0.41484375
0 0.73359375 0.8859375 0.23046875 0.21796875
0 0.23125 0.37421875 0.1546875 0.21796875
0 0.36875 0.3609375 0.12578125 0.21640625
0 0.4875 0.3484375 0.134375 0.22265625
0 0.61640625 0.31015625 0.1625 0.2109375
0 0.59453125 0.1171875 0.1546875 0.23203125
0 0.46640625 0.12734375 0.128125 0.2109375
0 0.3578125 0.13359375 0.1234375 0.225
0 0.23046875 0.1609375 0.14921875 0.21875