0 0.21640625 0.78046875 0.071875 0.1703125
0 0.13046875 0.72890625 0.06875 0.1296875
0 0.07265625 0.8609375 0.14453125 0.2203125
0 0.0265625 0.6609375 0.053125 0.153125
0 0.134375 0.44140625 0.08046875 0.24453125
0 0.209375 0.55625 0.07734375 0.1578125
0 0.278125 0.51875 0.0953125 0.15625
0 0.28046875 0.3546875 0.09453125 0.16796875
0 0.21015625 0.29140625 0.08515625 0.1515625
0 0.21328125 0.13203125 0.08203125 0.17265625
0 0.13359375 0.13046875 0.08203125 0.16015625
0 0.42734375 0.12578125 0.08046875 0.121875
0 0.42578125 0.25546875 0.07421875 0.11328125
0 0.42265625 0.4015625 0.07421875 0.0984375
0 0.4265625 0.61875 0.0703125 0.11953125
0 0.51484375 0.43671875 0.10625 0.23046875
0 0.515625 0.26484375 0.08671875 0.0984375
0 0.50859375 0.16640625 0.07421875 0.0984375
0 0.56953125 0.125 0.08671875 0.18671875
0 0.7875 0.12109375 0.1015625 0.21328125
0 0.95 0.0765625 0.0734375 0.10546875
0 0.94921875 0.17734375 0.08046875 0.071875
0 0.95 0.54765625 0.0734375 0.08359375
0 0.9515625 0.41328125 0.08515625 0.13671875
0 0.9515625 0.2890625 0.07890625 0.14140625
0 0.9484375 0.665625 0.0734375 0.09375
0 0.95078125 0.7875 0.08046875 0.14140625
0 0.9515625 0.93515625 0.096875 0.1296875
0 0.784375 0.63046875 0.0671875 0.20625
0 0.7078125 0.3140625 0.07890625 0.1390625
0 0.6453125 0.3921875 0.08515625 0.16015625
0 0.7109375 0.4546875 0.0734375 0.13671875
0 0.64453125 0.540625 0.08671875 0.11328125
0 0.7078125 0.5734375 0.0703125 0.11484375
0 0.71328125 0.66640625 0.06875 0.11953125
0 0.7125 0.74921875 0.07890625 0.103125
0 0.71171875 0.85390625 0.071875 0.125
0 0.65078125 0.88515625 0.07890625 0.15390625
0 0.56640625 0.86171875 0.071875 0.09375
0 0.56875 0.6296875 0.07578125 0.0984375
0 0.56953125 0.71796875 0.08671875 0.16015625
0 0.64609375 0.66171875 0.07578125 0.0953125
0 0.64140625 0.77578125 0.07421875 0.09375