0 0.175 0.275 0.078125 0.08828125
0 0.31171875 0.3234375 0.0703125 0.10546875
0 0.39453125 0.24375 0.0921875 0.1140625
0 0.20703125 0.134375 0.12734375 0.11015625
0 0.1578125 0.19609375 0.096875 0.07421875
0 0.14296875 0.3328125 0.11484375 0.08125
0 0.13046875 0.38359375 0.11640625 0.06796875
0 0.21953125 0.3703125 0.071875 0.07734375
0 0.26796875 0.2234375 0.11171875 0.07265625
0 0.36953125 0.4203125 0.065625 0.0703125
0 0.4 0.3578125 0.04921875 0.07890625
0 0.46796875 0.38984375 0.04765625 0.0984375
0 0.55234375 0.3234375 0.08828125 0.12265625
0 0.7328125 0.22421875 0.0671875 0.096875
0 0.55 0.496875 0.0625 0.0703125
0 0.5515625 0.41640625 0.065625 0.06796875
0 0.4609375 0.48359375 0.0703125 0.08828125
0 0.446875 0.54921875 0.059375 0.07890625
0 0.41796875 0.6109375 0.0640625 0.05703125
0 0.4140625 0.675 0.075 0.096875
0 0.40390625 0.7328125 0.08046875 0.08125
0 0.390625 0.79921875 0.05859375 0.07265625
0 0.3359375 0.70859375 0.05546875 0.08125
0 0.24921875 0.69453125 0.071875 0.07890625
0 0.2671875 0.60859375 0.0671875 0.11015625
0 0.22265625 0.8140625 0.05703125 0.08984375
0 0.1640625 0.79921875 0.04921875 0.07265625
0 0.1640625 0.7203125 0.06875 0.0640625
0 0.165625 0.6328125 0.075 0.08828125
0 0.05859375 0.6 0.06875 0.08359375
0 0.06875 0.68828125 0.08359375 0.1015625
0 0.11015625 0.86015625 0.071875 0.07265625
0 0.115625 0.7921875 0.0703125 0.08125
0 0.025 0.8140625 0.0453125 0.08984375
0 0.05078125 0.9078125 0.0625 0.08828125
0 0.29609375 0.84609375 0.0453125 0.08828125
0 0.35078125 0.88203125 0.05859375 0.08125