0 0.03203125 0.81171875 0.0640625 0.175
0 0.01484375 0.48359375 0.0296875 0.165625
0 0.1671875 0.1921875 0.1046875 0.1921875
0 0.24296875 0.19765625 0.08515625 0.184375
0 0.334375 0.09609375 0.08359375 0.1921875
0 0.16015625 0.08515625 0.12265625 0.0984375
0 0.259375 0.0765625 0.0671875 0.14375
0 0.43046875 0.0609375 0.1046875 0.121875
0 0.184375 0.4015625 0.08828125 0.08359375
0 0.2578125 0.41875 0.08203125 0.184375
0 0.19140625 0.50859375 0.08046875 0.08671875
0 0.20859375 0.6484375 0.1 0.18984375
0 0.23828125 0.78515625 0.103125 0.1171875
0 0.2328125 0.90546875 0.0984375 0.0890625
0 0.23203125 0.96484375 0.1109375 0.06953125
0 0.3203125 0.36328125 0.09296875 0.1796875
0 0.28515625 0.53203125 0.08203125 0.08125
0 0.3484375 0.50859375 0.08671875 0.10078125
0 0.28671875 0.6140625 0.08359375 0.08125
0 0.30078125 0.68203125 0.08359375 0.08359375
0 0.32109375 0.80234375 0.08984375 0.175
0 0.3296875 0.9375 0.11484375 0.11015625
0 0.3984375 0.82109375 0.08515625 0.07890625
0 0.41171875 0.89453125 0.08203125 0.08125
0 0.4828125 0.96015625 0.05390625 0.06953125
0 0.54140625 0.90625 0.11640625 0.0953125
0 0.51953125 0.784375 0.0734375 0.05703125
0 0.50078125 0.63203125 0.1046875 0.13203125
0 0.4359375 0.7109375 0.0609375 0.103125
0 0.425 0.63203125 0.0609375 0.07421875
0 0.37890625 0.7109375 0.08515625 0.1171875
0 0.3578125 0.60703125 0.0734375 0.16328125
0 0.4875 0.52890625 0.12265625 0.12734375
0 0.365625 0.29296875 0.0640625 0.0953125
0 0.43359375 0.24375 0.1375 0.18984375
0 0.39140625 0.3953125 0.07421875 0.134375
0 0.46640625 0.39296875 0.11640625 0.11953125
0 0.52421875 0.11171875 0.0984375 0.12734375
0 0.6046875 0.1046875 0.103125 0.1796875
0 0.6140625 0.22421875 0.07734375 0.0984375
0 0.55078125 0.26640625 0.09140625 0.11015625
0 0.5734375 0.390625 0.1125 0.1578125
0 0.65546875 0.4984375 0.08828125 0.11953125
0 0.72265625 0.40390625 0.10625 0.2328125
0 0.74765625 0.58984375 0.08984375 0.18203125
0 0.59765625 0.5984375 0.08984375 0.1078125
0 0.68125 0.6140625 0.08359375 0.1390625
0 0.69453125 0.7125 0.0671875 0.1296875
0 0.70546875 0.82109375 0.065625 0.12734375
0 0.61640625 0.7265625 0.1 0.10078125
0 0.6296875 0.796875 0.1015625 0.09375
0 0.6453125 0.85625 0.1046875 0.11484375
0 0.6578125 0.94296875 0.09296875 0.08671875
0 0.790625 0.78984375 0.1078125 0.20390625
0 0.97734375 0.8453125 0.0421875 0.165625
0 0.96484375 0.72421875 0.0703125 0.11953125
0 0.9609375 0.621875 0.07734375 0.11328125
0 0.95234375 0.52734375 0.0953125 0.11015625
0 0.9203125 0.22890625 0.109375 0.11328125
0 0.9328125 0.3265625 0.12265625 0.15390625
0 0.903125 0.10546875 0.1109375 0.14375
0 0.7546875 0.03359375 0.128125 0.05703125
0 0.7671875 0.10546875 0.11484375 0.17734375
0 0.78671875 0.275 0.14765625 0.1515625
0 0.98203125 0.1296875 0.0359375 0.10546875
0 0.82578125 0.9375 0.1328125 0.11953125