0 0.4 0.71484375 0.109375 0.38828125
0 0.3046875 0.6078125 0.071875 0.16015625
0 0.25859375 0.48515625 0.14921875 0.1171875
0 0.3796875 0.4578125 0.09296875 0.11484375
0 0.60390625 0.140625 0.07734375 0.11328125
0 0.6796875 0.17890625 0.08046875 0.0890625
0 0.68671875 0.253125 0.07578125 0.09375
0 0.6046875 0.26171875 0.09453125 0.11484375
0 0.6015625 0.39921875 0.15703125 0.1703125
0 0.64765625 0.5046875 0.05859375 0.05078125
0 0.665625 0.53671875 0.0609375 0.0484375
0 0.66953125 0.571875 0.0625 0.040625
0 0.67421875 0.63671875 0.065625 0.07421875
0 0.6796875 0.74921875 0.0984375 0.1515625
0 0.6078125 0.78671875 0.08203125 0.0953125
0 0.5984375 0.6125 0.09140625 0.1984375
0 0.5015625 0.78984375 0.040625 0.121875
0 0.56171875 0.921875 0.08359375 0.0890625
0 0.5828125 0.97109375 0.08671875 0.05703125
0 0.65625 0.97734375 0.07421875 0.0453125
0 0.7171875 0.9640625 0.06875 0.071875
0 0.79296875 0.9484375 0.0734375 0.103125