0 0.77734375 0.9484375 0.1140625 0.103125
0 0.91015625 0.325 0.14296875 0.4484375
0 0.75390625 0.778125 0.09140625 0.11328125
0 0.7375 0.62734375 0.1 0.14140625
0 0.8046875 0.59140625 0.0671875 0.16015625
0 0.78984375 0.5 0.0734375 0.0890625
0 0.784375 0.3703125 0.0703125 0.121875
0 0.7140625 0.3546875 0.0984375 0.125
0 0.6953125 0.15 0.12578125 0.228125
0 0.546875 0.19375 0.08046875 0.1921875
0 0.62734375 0.41953125 0.10625 0.2109375
0 0.65625 0.74453125 0.08359375 0.14609375
0 0.68359375 0.91484375 0.09140625 0.14140625
0 0.5 0.878125 0.08828125 0.1578125
0 0.51328125 0.97578125 0.0703125 0.04296875
0 0.3671875 0.90625 0.09140625 0.1578125
0 0.4078125 0.721875 0.08046875 0.18671875
0 0.334375 0.64375 0.08359375 0.13671875
0 0.38671875 0.51640625 0.08828125 0.12734375
0 0.45546875 0.446875 0.103125 0.16015625
0 0.3125 0.39453125 0.1046875 0.184375
0 0.29140625 0.19921875 0.1015625 0.18671875
0 0.23203125 0.4375 0.1015625 0.13671875
0 0.11796875 0.50390625 0.12578125 0.340625
0 0.215625 0.7453125 0.1125 0.2203125
0 0.23125 0.92578125 0.09140625 0.10546875
0 0.16328125 0.0359375 0.0453125 0.05703125