0 0.6453125 0.76875 0.08359375 0.184375
0 0.64609375 0.68125 0.08515625 0.09140625
0 0.64296875 0.58828125 0.09296875 0.12734375
0 0.64140625 0.4796875 0.07734375 0.11484375
0 0.64296875 0.3453125 0.0953125 0.1390625
0 0.63828125 0.184375 0.09296875 0.16796875
0 0.5765625 0.95390625 0.115625 0.0921875
0 0.484375 0.96015625 0.1015625 0.07890625
0 0.478125 0.83125 0.12578125 0.14609375
0 0.54609375 0.70390625 0.10625 0.175
0 0.55859375 0.58359375 0.0734375 0.121875
0 0.45078125 0.49296875 0.11796875 0.1703125
0 0.51953125 0.3703125 0.04921875 0.184375
0 0.4796875 0.3515625 0.04765625 0.16015625
0 0.4265625 0.34140625 0.07890625 0.15625
0 0.484375 0.1921875 0.0625 0.17734375
0 0.55078125 0.14375 0.0734375 0.14375
0 0.46796875 0.040625 0.065625 0.08125
0 0.32890625 0.06953125 0.1109375 0.1390625
0 0.33046875 0.20703125 0.09296875 0.1703125
0 0.3234375 0.428125 0.11796875 0.2953125
0 0.3828125 0.7421875 0.06015625 0.20390625
0 0.334375 0.8234375 0.0703125 0.1796875
0 0.321875 0.68984375 0.08828125 0.08359375