0 0.11328125 0.20625 0.13125 0.23984375
0 0.21015625 0.11015625 0.1125 0.17734375
0 0.2671875 0.19765625 0.08046875 0.36640625
0 0.11015625 0.63671875 0.16015625 0.1515625
0 0.10078125 0.7453125 0.171875 0.17734375
0 0.09609375 0.871875 0.16015625 0.1796875
0 0.21171875 0.7984375 0.096875 0.259375
0 0.2265625 0.59921875 0.1 0.16796875
0 0.2921875 0.81875 0.08203125 0.25703125
0 0.30234375 0.65625 0.1 0.12734375
0 0.3140625 0.525 0.08984375 0.18203125
0 0.37734375 0.53984375 0.09140625 0.17265625
0 0.36796875 0.40546875 0.1375 0.1390625
0 0.41640625 0.171875 0.22890625 0.328125
0 0.57578125 0.27109375 0.12578125 0.1921875
0 0.5828125 0.43359375 0.1015625 0.18671875
0 0.66640625 0.4078125 0.0953125 0.23984375
0 0.66484375 0.63046875 0.08515625 0.24453125
0 0.59609375 0.61015625 0.08046875 0.15625
0 0.57890625 0.73828125 0.09453125 0.15390625
0 0.56015625 0.9078125 0.0984375 0.184375
0 0.64453125 0.915625 0.0953125 0.16875
0 0.72734375 0.88359375 0.07578125 0.21328125
0 0.796875 0.90625 0.09296875 0.1578125
0 0.8796875 0.8140625 0.08515625 0.1796875
0 0.89765625 0.63046875 0.08828125 0.196875
0 0.75703125 0.46328125 0.07578125 0.16796875
0 0.75625 0.62578125 0.0953125 0.18203125
0 0.81796875 0.603125 0.07734375 0.2609375
0 0.9390625 0.9265625 0.0984375 0.13671875