0 0.840625 0.828125 0.10625 0.18984375
0 0.9453125 0.75625 0.096875 0.3046875
0 0.8859375 0.67734375 0.103125 0.14140625
0 0.9078125 0.54453125 0.08203125 0.15390625
0 0.790625 0.51796875 0.08984375 0.1484375
0 0.728125 0.65078125 0.071875 0.15625
0 0.5984375 0.1859375 0.16875 0.1984375
0 0.5453125 0.35390625 0.08671875 0.14140625
0 0.48984375 0.26875 0.1078125 0.18203125
0 0.6 0.78984375 0.07578125 0.14140625
0 0.5046875 0.79296875 0.08203125 0.14609375
0 0.5671875 0.71015625 0.0609375 0.14375
0 0.51640625 0.65859375 0.0703125 0.11328125
0 0.46796875 0.5453125 0.0984375 0.25703125
0 0.37734375 0.41015625 0.0671875 0.125
0 0.40703125 0.48359375 0.0640625 0.14609375
0 0.315625 0.5015625 0.12265625 0.17734375
0 0.2953125 0.31796875 0.07578125 0.12734375
0 0.2453125 0.26015625 0.06875 0.121875
0 0.07890625 0.04296875 0.0890625 0.0859375
0 0.08359375 0.159375 0.128125 0.175
0 0.03828125 0.26875 0.07578125 0.1921875
0 0.03671875 0.49375 0.0734375 0.1296875
0 0.06796875 0.60703125 0.08203125 0.18671875
0 0.0265625 0.64375 0.053125 0.184375
0 0.13125 0.6765625 0.08203125 0.125
0 0.16328125 0.73984375 0.1078125 0.1171875
0 0.2140625 0.803125 0.08515625 0.09140625
0 0.275 0.9078125 0.07734375 0.165625
0 0.16484375 0.890625 0.134375 0.1703125