0 0.32734375 0.915625 0.2640625 0.16875
0 0.23515625 0.803125 0.19296875 0.18203125
0 0.09296875 0.8515625 0.1671875 0.17734375
0 0.28125 0.4328125 0.2421875 0.27109375
0 0.0703125 0.4953125 0.140625 0.2375
0 0.07578125 0.2890625 0.15078125 0.21328125
0 0.2046875 0.23125 0.203125 0.2953125
0 0.1984375 0.08125 0.225 0.1625
0 0.0703125 0.1046875 0.13125 0.184375
0 0.4625 0.0828125 0.2765625 0.14609375
0 0.50546875 0.25546875 0.22734375 0.18984375
0 0.5375 0.46171875 0.25 0.2609375
0 0.57265625 0.66640625 0.21796875 0.2734375
0 0.72421875 0.5453125 0.18984375 0.21875
0 0.72421875 0.3546875 0.2046875 0.16796875
0 0.8484375 0.1484375 0.21640625 0.1390625
0 0.9390625 0.371875 0.121875 0.2375
0 0.5890625 0.85859375 0.1828125 0.21640625
0 0.69921875 0.78203125 0.16328125 0.1921875