0 0.4671875 0.89296875 0.1421875 0.19453125
0 0.34765625 0.8875 0.12109375 0.18203125
0 0.178125 0.86328125 0.11640625 0.2734375
0 0.0671875 0.771875 0.08359375 0.1390625
0 0.290625 0.57578125 0.096875 0.14375
0 0.55859375 0.6703125 0.23515625 0.25703125
0 0.62890625 0.4015625 0.16640625 0.20859375
0 0.2890625 0.35390625 0.18984375 0.1984375
0 0.4453125 0.14609375 0.14921875 0.24453125
0 0.2421875 0.1234375 0.12265625 0.18984375
0 0.06015625 0.1109375 0.1203125 0.221875
0 0.959375 0.4984375 0.05390625 0.21640625
0 0.6734375 0.06484375 0.08828125 0.1296875