0 0.8875 0.46875 0.07890625 0.15625
0 0.9515625 0.64140625 0.05546875 0.1078125
0 0.9046875 0.87265625 0.14609375 0.2546875
0 0.8109375 0.63828125 0.16640625 0.259375
0 0.65390625 0.23046875 0.1421875 0.2015625
0 0.67734375 0.06796875 0.1421875 0.1359375
0 0.146875 0.08671875 0.28828125 0.17265625
0 0.23203125 0.87890625 0.1015625 0.18984375
0 0.08046875 0.82734375 0.1375 0.1578125
0 0.12734375 0.92578125 0.14296875 0.1296875
0 0.06171875 0.72421875 0.11796875 0.1390625
0 0.103125 0.5421875 0.1046875 0.16796875
0 0.040625 0.55859375 0.08046875 0.16328125
0 0.03984375 0.38125 0.07890625 0.1484375
0 0.2390625 0.26171875 0.0984375 0.15390625
0 0.27734375 0.34765625 0.1359375 0.1390625
0 0.2328125 0.53125 0.14453125 0.22265625
0 0.284375 0.6796875 0.14609375 0.1796875
0 0.390625 0.66328125 0.11484375 0.165625
0 0.359375 0.55546875 0.1390625 0.165625
0 0.3390625 0.796875 0.15546875 0.22265625
0 0.56171875 0.7265625 0.14921875 0.2015625
0 0.7140625 0.81640625 0.1296875 0.1984375
0 0.66796875 0.640625 0.140625 0.2109375
0 0.61484375 0.51640625 0.11796875 0.18984375
0 0.50703125 0.58359375 0.1375 0.1703125
0 0.440625 0.4078125 0.12421875 0.1296875
0 0.5125 0.2671875 0.14609375 0.21328125
0 0.4015625 0.3046875 0.1359375 0.17265625
0 0.43203125 0.07578125 0.13125 0.1171875
0 0.3109375 0.0765625 0.1046875 0.14375
0 0.35859375 0.2171875 0.11640625 0.12734375