0 0.1078125 0.96875 0.05703125 0.0625
0 0.10078125 0.8765625 0.05234375 0.103125
0 0.0546875 0.82734375 0.04375 0.05234375
0 0.021875 0.825 0.040625 0.08125
0 0.025 0.8921875 0.05 0.071875
0 0.05859375 0.9015625 0.05078125 0.071875
0 0.09765625 0.75625 0.046875 0.1171875
0 0.06015625 0.75625 0.040625 0.06953125
0 0.0375 0.690625 0.07421875 0.0953125
0 0.09765625 0.675 0.04921875 0.06953125
0 0.09296875 0.57890625 0.0453125 0.121875
0 0.0578125 0.6046875 0.04375 0.0765625
0 0.01953125 0.61796875 0.0359375 0.06484375
0 0.0203125 0.54296875 0.040625 0.07890625
0 0.05390625 0.5453125 0.0421875 0.06484375
0 0.09140625 0.48828125 0.05390625 0.06953125
0 0.05 0.4796875 0.046875 0.0671875
0 0.02265625 0.46875 0.0453125 0.08359375
0 0.0171875 0.3859375 0.034375 0.10546875
0 0.0625 0.4078125 0.05390625 0.10078125
0 0.10625 0.4015625 0.0328125 0.103125
0 0.13046875 0.41875 0.0234375 0.103125
0 0.15859375 0.42109375 0.0421875 0.09375
0 0.18671875 0.4265625 0.0453125 0.0953125
0 0.0140625 0.271875 0.028125 0.0984375
0 0.03828125 0.27578125 0.034375 0.10078125
0 0.0625 0.2765625 0.0359375 0.09375
0 0.09140625 0.28046875 0.0390625 0.10078125
0 0.06796875 0.15859375 0.04921875 0.09140625
0 0.0234375 0.1640625 0.046875 0.09375
0 0.06953125 0.09453125 0.09140625 0.0546875
0 0.13828125 0.0703125 0.0609375 0.07421875
0 0.18828125 0.04921875 0.0625 0.0984375
0 0.1859375 0.11484375 0.0640625 0.05703125
0 0.25859375 0.05546875 0.07421875 0.11015625
0 0.3671875 0.0625 0.12734375 0.125
0 0.10859375 0.1953125 0.04375 0.103125
0 0.19140625 0.184375 0.12578125 0.11015625
0 0.2859375 0.20703125 0.07890625 0.1078125
0 0.33515625 0.13046875 0.0734375 0.07890625
0 0.36484375 0.2234375 0.07734375 0.11015625
0 0.47265625 0.25078125 0.0625 0.0984375
0 0.40390625 0.175 0.06015625 0.0765625
0 0.45234375 0.1703125 0.0609375 0.08125
0 0.5 0.0828125 0.040625 0.11328125
0 0.45703125 0.07421875 0.06015625 0.11015625
0 0.9671875 0.165625 0.0625 0.0953125
0 0.9109375 0.14375 0.08515625 0.11484375
0 0.84140625 0.128125 0.071875 0.11328125
0 0.73046875 0.1484375 0.0734375 0.08671875
0 0.67109375 0.10078125 0.08046875 0.1296875
0 0.6078125 0.109375 0.07890625 0.1515625
0 0.55234375 0.121875 0.0609375 0.14375
0 0.49609375 0.16796875 0.04765625 0.0765625
0 0.5640625 0.23359375 0.11484375 0.1078125
0 0.6515625 0.24921875 0.0453125 0.10546875
0 0.68515625 0.26015625 0.046875 0.103125
0 0.7203125 0.2578125 0.04765625 0.0984375
0 0.75546875 0.271875 0.046875 0.103125
0 0.8140625 0.23984375 0.103125 0.134375
0 0.90390625 0.2625 0.0703125 0.0984375
0 0.984375 0.26875 0.03125 0.10546875
0 0.9546875 0.28203125 0.04921875 0.1078125
0 0.14921875 0.303125 0.05703125 0.11328125
0 0.18046875 0.3265625 0.05703125 0.0671875
0 0.215625 0.33125 0.04921875 0.11484375
0 0.27265625 0.35 0.08515625 0.16796875
0 0.33359375 0.31796875 0.071875 0.121875
0 0.33671875 0.41640625 0.05546875 0.07421875
0 0.2390625 0.43671875 0.05703125 0.10078125
0 0.14140625 0.49609375 0.05546875 0.0625
0 0.184375 0.53125 0.05546875 0.1078125
0 0.14140625 0.56953125 0.046875 0.06015625
0 0.1859375 0.61953125 0.05234375 0.08359375
0 0.1453125 0.628125 0.04921875 0.0953125
0 0.18671875 0.68671875 0.05078125 0.07421875
0 0.14375 0.690625 0.04765625 0.071875
0 0.15078125 0.74375 0.05703125 0.08671875
0 0.19140625 0.77578125 0.05078125 0.1078125
0 0.19140625 0.871875 0.05390625 0.14140625
0 0.15 0.8453125 0.05234375 0.07890625
0 0.14765625 0.9171875 0.04765625 0.0890625
0 0.2453125 0.8859375 0.04765625 0.13671875
0 0.24140625 0.7796875 0.046875 0.0953125
0 0.2390625 0.70859375 0.05078125 0.08359375
0 0.2359375 0.61953125 0.04765625 0.07890625
0 0.23671875 0.53359375 0.046875 0.07421875
0 0.28046875 0.51171875 0.05859375 0.1078125
0 0.2796875 0.596875 0.05390625 0.08125
0 0.27578125 0.690625 0.05859375 0.134375
0 0.28203125 0.86796875 0.04921875 0.0953125
0 0.2796875 0.94609375 0.065625 0.09375
0 0.3921875 0.96328125 0.07890625 0.06953125
0 0.396875 0.87265625 0.08203125 0.11953125
0 0.33046875 0.8046875 0.05703125 0.05078125
0 0.33984375 0.88984375 0.0640625 0.0953125
0 0.3984375 0.73515625 0.07890625 0.14609375
0 0.33828125 0.70625 0.0640625 0.121875
0 0.39765625 0.59140625 0.06875 0.121875
0 0.334375 0.61640625 0.05234375 0.0671875
0 0.33515625 0.5453125 0.05234375 0.06484375
0 0.334375 0.49140625 0.0625 0.08671875
0 0.39296875 0.33203125 0.08359375 0.121875
0 0.45625 0.35625 0.0640625 0.1078125
0 0.534375 0.34921875 0.0671875 0.1078125
0 0.48828125 0.36171875 0.0375 0.0953125
0 0.6671875 0.346875 0.0609375 0.0984375
0 0.61171875 0.340625 0.065625 0.15390625
0 0.66484375 0.4078125 0.0671875 0.08125
0 0.6640625 0.46171875 0.0625 0.08359375
0 0.60703125 0.45234375 0.065625 0.05078125
0 0.60625 0.49140625 0.0703125 0.0765625
0 0.53828125 0.453125 0.05078125 0.11015625
0 0.4671875 0.43046875 0.040625 0.1078125
0 0.5015625 0.4328125 0.04921875 0.11328125
0 0.47578125 0.58828125 0.071875 0.06953125
0 0.4765625 0.5203125 0.0734375 0.071875
0 0.53671875 0.54453125 0.06015625 0.0765625
0 0.53515625 0.59921875 0.0625 0.0625
0 0.53125 0.6609375 0.0640625 0.103125
0 0.471875 0.70390625 0.0703125 0.175
0 0.53125 0.7359375 0.0640625 0.08671875
0 0.528125 0.83125 0.0640625 0.1078125
0 0.46953125 0.83671875 0.0625 0.11953125
0 0.4984375 0.93203125 0.12734375 0.121875
0 0.6609375 0.52421875 0.0625 0.0890625
0 0.65703125 0.5734375 0.0671875 0.09140625
0 0.65078125 0.621875 0.07890625 0.0890625
0 0.5984375 0.60078125 0.05546875 0.11328125
0 0.65859375 0.7171875 0.0640625 0.10078125
0 0.4015625 0.41875 0.07578125 0.09375
0 0.3984375 0.4796875 0.07578125 0.10078125
0 0.7359375 0.38828125 0.0671875 0.11484375
0 0.79140625 0.43203125 0.0640625 0.0625
0 0.79140625 0.3765625 0.0671875 0.05703125
0 0.87421875 0.3609375 0.08984375 0.103125
0 0.9296875 0.38125 0.06015625 0.10078125
0 0.96796875 0.3859375 0.028125 0.0953125
0 0.98125 0.4296875 0.03125 0.0953125
0 0.93359375 0.49140625 0.0671875 0.11953125
0 0.88828125 0.47578125 0.0453125 0.1171875
0 0.85078125 0.48203125 0.0453125 0.10078125
0 0.59765625 0.746875 0.06015625 0.12734375
0 0.65546875 0.80703125 0.0734375 0.06953125
0 0.659375 0.86328125 0.065625 0.05703125
0 0.65546875 0.93515625 0.0703125 0.10546875
0 0.6015625 0.84921875 0.0734375 0.0765625
0 0.5984375 0.9171875 0.0671875 0.05078125
0 0.58984375 0.96328125 0.0609375 0.06953125
0 0.7296875 0.47109375 0.06875 0.07421875
0 0.790625 0.4953125 0.05390625 0.06015625
0 0.79296875 0.55546875 0.0703125 0.11328125
0 0.73359375 0.53125 0.06875 0.07421875
0 0.73125 0.58671875 0.0625 0.07890625
0 0.78828125 0.62734375 0.0609375 0.06953125
0 0.7859375 0.6609375 0.0640625 0.05078125
0 0.72890625 0.684375 0.0671875 0.12734375
0 0.7875 0.70859375 0.06875 0.07421875
0 0.784375 0.8078125 0.0671875 0.125
0 0.7328125 0.91328125 0.07890625 0.11484375
0 0.7265625 0.80703125 0.065625 0.11328125
0 0.83515625 0.96953125 0.1078125 0.0609375
0 0.86171875 0.9125 0.08203125 0.1171875
0 0.9125 0.89921875 0.04921875 0.11953125
0 0.9375 0.896875 0.0421875 0.125
0 0.96953125 0.8859375 0.04375 0.13203125
0 0.98828125 0.91015625 0.02109375 0.0984375
0 0.86015625 0.7890625 0.0734375 0.11015625
0 0.90546875 0.79296875 0.0390625 0.103125
0 0.93515625 0.796875 0.040625 0.09375
0 0.9671875 0.7984375 0.0328125 0.0625
0 0.98671875 0.50703125 0.0234375 0.12734375
0 0.97890625 0.6015625 0.0421875 0.09140625
0 0.95234375 0.603125 0.04765625 0.0890625
0 0.92421875 0.609375 0.040625 0.10078125
0 0.8984375 0.59921875 0.0328125 0.0953125
0 0.85859375 0.5921875 0.05859375 0.10546875
0 0.85859375 0.6859375 0.0734375 0.09140625
0 0.89921875 0.68359375 0.0375 0.10078125
0 0.94609375 0.690625 0.0453125 0.11953125
0 0.98125 0.6859375 0.0375 0.14375