0 0.08359375 0.390625 0.1671875 0.4796875
0 0.0921875 0.06328125 0.096875 0.1265625
0 0.01640625 0.06953125 0.0328125 0.11015625
0 0.25390625 0.053125 0.0984375 0.10546875
0 0.2359375 0.190625 0.0953125 0.13203125
0 0.2265625 0.328125 0.109375 0.15390625
0 0.2171875 0.43984375 0.09453125 0.165625
0 0.19765625 0.56484375 0.09296875 0.13203125
0 0.2640625 0.71796875 0.09453125 0.1796875
0 0.2078125 0.81875 0.14921875 0.3625
0 0.375 0.9390625 0.11953125 0.121875
0 0.3515625 0.815625 0.12265625 0.11953125
0 0.30703125 0.44140625 0.1 0.259375
0 0.32578125 0.18203125 0.11953125 0.16796875
0 0.35078125 0.0515625 0.096875 0.103125
0 0.41328125 0.359375 0.10625 0.18671875
0 0.38125 0.61640625 0.1109375 0.16328125
0 0.43359375 0.1546875 0.0984375 0.28125
0 0.55859375 0.15703125 0.18984375 0.3140625
0 0.7671875 0.19765625 0.08046875 0.19453125
0 0.75234375 0.34921875 0.09140625 0.13203125
0 0.675 0.221875 0.08203125 0.13203125
0 0.66328125 0.396875 0.09140625 0.18984375
0 0.79609375 0.51640625 0.0734375 0.14140625
0 0.7796875 0.60078125 0.0671875 0.12734375
0 0.7328125 0.53203125 0.1046875 0.2109375
0 0.63515625 0.628125 0.07421875 0.18203125
0 0.6265625 0.7484375 0.08671875 0.10546875
0 0.615625 0.84375 0.08984375 0.11953125
0 0.528125 0.8703125 0.11796875 0.259375
0 0.5625 0.70625 0.0734375 0.14609375
0 0.5875 0.5671875 0.05703125 0.15625
0 0.6171875 0.93515625 0.11953125 0.11953125
0 0.76171875 0.86328125 0.07578125 0.2734375
0 0.84765625 0.84765625 0.11953125 0.28125
0 0.71640625 0.715625 0.08828125 0.1515625
0 0.91640625 0.48359375 0.0625 0.390625
0 0.8671875 0.10703125 0.12578125 0.175
0 0.96171875 0.80625 0.07578125 0.23515625
0 0.971875 0.6015625 0.05078125 0.20625