0 0.03828125 0.053125 0.07578125 0.10546875
0 0.03359375 0.14296875 0.0671875 0.14140625
0 0.08046875 0.228125 0.0953125 0.09140625
0 0.07578125 0.29609375 0.08515625 0.103125
0 0.07109375 0.371875 0.08515625 0.10078125
0 0.05859375 0.446875 0.071875 0.08359375
0 0.234375 0.07578125 0.071875 0.1515625
0 0.18046875 0.04453125 0.0453125 0.07421875
0 0.22265625 0.21484375 0.08671875 0.13203125
0 0.2078125 0.3453125 0.0953125 0.1484375
0 0.1359375 0.48828125 0.07734375 0.1078125
0 0.1234375 0.58515625 0.07578125 0.1296875
0 0.16328125 0.90234375 0.0890625 0.1953125
0 0.17578125 0.69921875 0.08203125 0.1796875
0 0.1953125 0.56640625 0.08203125 0.14375
0 0.25078125 0.84296875 0.08046875 0.28984375
0 0.2640625 0.6609375 0.0703125 0.09375
0 0.2765625 0.57578125 0.071875 0.11953125
0 0.27578125 0.5 0.08515625 0.103125
0 0.28359375 0.39296875 0.07890625 0.14375
0 0.29765625 0.28046875 0.08359375 0.134375
0 0.30859375 0.1125 0.08203125 0.2203125
0 0.34609375 0.9078125 0.1 0.1703125
0 0.353125 0.796875 0.1046875 0.07890625
0 0.3578125 0.70390625 0.109375 0.13671875
0 0.36875 0.52265625 0.10625 0.125
0 0.378125 0.42421875 0.1046875 0.10078125
0 0.3859375 0.33828125 0.1078125 0.11953125
0 0.39453125 0.228125 0.1140625 0.125
0 0.40625 0.14140625 0.1046875 0.11015625
0 0.46875 0.6703125 0.11484375 0.13671875
0 0.4734375 0.55859375 0.1125 0.0953125
0 0.47734375 0.45 0.1125 0.175
0 0.50625 0.17578125 0.1125 0.171875
0 0.50859375 0.0453125 0.1078125 0.090625
0 0.61484375 0.06328125 0.0984375 0.1265625
0 0.71640625 0.08125 0.1109375 0.1625
0 0.71484375 0.2203125 0.10625 0.15390625
0 0.6234375 0.33125 0.06015625 0.17265625
0 0.57421875 0.34375 0.06875 0.15625
0 0.559375 0.53984375 0.07421875 0.225
0 0.61171875 0.61953125 0.0640625 0.165625
0 0.6984375 0.5625 0.0953125 0.1171875
0 0.703125 0.421875 0.11796875 0.134375
0 0.69921875 0.35625 0.1125 0.08359375
0 0.80859375 0.23515625 0.08671875 0.1484375
0 0.80625 0.365625 0.109375 0.14609375
0 0.79453125 0.4890625 0.08828125 0.11953125
0 0.571875 0.875 0.11484375 0.24921875
0 0.6796875 0.86328125 0.1046875 0.2734375
0 0.69140625 0.675 0.10625 0.14140625
0 0.77734375 0.89921875 0.08984375 0.10546875
0 0.7828125 0.6734375 0.08828125 0.196875
0 0.8515625 0.70625 0.1 0.175
0 0.865625 0.54453125 0.0953125 0.196875
0 0.84609375 0.93046875 0.08984375 0.134375
0 0.85 0.828125 0.09140625 0.0984375
0 0.87578125 0.08046875 0.08046875 0.12734375
0 0.81640625 0.14375 0.07734375 0.10078125
0 0.9484375 0.2125 0.08515625 0.14609375
0 0.93984375 0.3515625 0.09453125 0.14140625
0 0.93359375 0.4734375 0.09453125 0.14609375
0 0.9265625 0.72890625 0.08046875 0.18203125
0 0.97734375 0.88828125 0.0453125 0.121875
0 0.9828125 0.684375 0.034375 0.228125
0 0.93046875 0.93203125 0.0609375 0.12734375
0 0.959375 0.07890625 0.08046875 0.1390625
0 0.453125 0.9359375 0.090625 0.128125