0 0.1609375 0.06484375 0.109375 0.1296875
0 0.03359375 0.6390625 0.0671875 0.228125
0 0.321875 0.52421875 0.08203125 0.175
0 0.69140625 0.86796875 0.109375 0.23515625
0 0.65859375 0.728125 0.08203125 0.15625
0 0.571875 0.82265625 0.103125 0.196875
0 0.34375 0.88125 0.08984375 0.175
0 0.4640625 0.86328125 0.103125 0.17734375
0 0.50234375 0.690625 0.1140625 0.23046875
0 0.62265625 0.609375 0.103125 0.2203125
0 0.390625 0.596875 0.15078125 0.26328125
0 0.6375 0.196875 0.1125 0.20625
0 0.58828125 0.36953125 0.11484375 0.23984375
0 0.43828125 0.33359375 0.08671875 0.18671875
0 0.48046875 0.43515625 0.11796875 0.1703125
0 0.54609375 0.190625 0.1 0.25703125
0 0.5171875 0.32734375 0.06875 0.1703125