0 0.1671875 0.371875 0.28203125 0.178125
0 0.39765625 0.35703125 0.38671875 0.2796875
0 0.2390625 0.48984375 0.2921875 0.2359375
0 0.52734375 0.5234375 0.29921875 0.2359375
0 0.3265625 0.73671875 0.36640625 0.35234375
0 0.6578125 0.7234375 0.28828125 0.2796875
0 0.6265625 0.2640625 0.3296875 0.19765625
0 0.8453125 0.2390625 0.309375 0.14453125
0 0.9015625 0.6234375 0.196875 0.15234375
0 0.828125 0.48671875 0.34375 0.2046875
0 0.90546875 0.34609375 0.1890625 0.1140625
0 0.7359375 0.3796875 0.25859375 0.13359375
0 0.8125 0.88984375 0.375 0.2109375
0 0.47109375 0.89921875 0.4984375 0.2015625
0 0.1 0.77734375 0.196875 0.34765625