0 0.09375 0.82265625 0.1859375 0.34375
0 0.28515625 0.56015625 0.1890625 0.365625
0 0.096875 0.36015625 0.1890625 0.38984375
0 0.2109375 0.321875 0.18671875 0.346875
0 0.36640625 0.29609375 0.1375 0.18828125
0 0.17421875 0.125 0.1234375 0.1640625
0 0.0625 0.15390625 0.121875 0.30546875
0 0.44375 0.5296875 0.1859375 0.35546875
0 0.41171875 0.86015625 0.2359375 0.2796875
0 0.5375 0.715625 0.178125 0.27265625
0 0.65078125 0.8171875 0.1359375 0.32734375
0 0.65546875 0.56640625 0.2359375 0.3296875
0 0.76953125 0.51484375 0.15703125 0.23125
0 0.95234375 0.7484375 0.075 0.21640625
0 0.85859375 0.3703125 0.14453125 0.3109375
0 0.94296875 0.128125 0.11328125 0.253125
0 0.6734375 0.2890625 0.109375 0.18125
0 0.7640625 0.040625 0.07421875 0.07890625
0 0.690625 0.07890625 0.140625 0.1546875
0 0.46171875 0.13515625 0.16328125 0.2671875
0 0.30546875 0.06171875 0.04609375 0.0921875
0 0.34765625 0.10078125 0.0484375 0.084375