0 0.13515625 0.74609375 0.26875 0.39140625
0 0.13125 0.46171875 0.2609375 0.23515625
0 0.13125 0.26640625 0.2609375 0.24609375
0 0.16171875 0.0875 0.24140625 0.1703125
0 0.3953125 0.09609375 0.2375 0.18828125
0 0.39921875 0.2765625 0.2671875 0.1859375
0 0.4140625 0.48359375 0.32265625 0.2328125
0 0.4359375 0.7875 0.32734375 0.3984375
0 0.86640625 0.86328125 0.2671875 0.259375
0 0.8171875 0.61328125 0.27890625 0.25078125
0 0.76953125 0.35234375 0.25234375 0.3375
0 0.7125 0.10625 0.18515625 0.2078125
0 0.90625 0.1421875 0.1875 0.1859375
0 0.9125 0.2765625 0.17421875 0.16796875
0 0.940625 0.46640625 0.11796875 0.2078125
0 0.875 0.03671875 0.17421875 0.06953125