0 0.4921875 0.5484375 0.15078125 0.6078125
0 0.6015625 0.60859375 0.09921875 0.2484375
0 0.32265625 0.65078125 0.14375 0.2734375
0 0.315625 0.5125 0.1453125 0.31328125
0 0.07421875 0.1828125 0.146875 0.32890625
0 0.06640625 0.45703125 0.13125 0.240625
0 0.04375 0.6046875 0.08359375 0.1296875
0 0.04609375 0.71171875 0.08984375 0.08984375
0 0.0390625 0.8484375 0.0765625 0.20859375
0 0.1796875 0.81171875 0.14921875 0.3765625
0 0.74609375 0.16953125 0.09609375 0.3265625
0 0.65390625 0.17109375 0.0890625 0.28828125
0 0.84453125 0.1796875 0.08828125 0.34296875
0 0.94453125 0.19296875 0.1 0.38046875
0 0.7109375 0.6578125 0.08046875 0.153125
0 0.81953125 0.703125 0.1515625 0.22109375
0 0.940625 0.6953125 0.11640625 0.55