0 0.0921875 0.653125 0.1125 0.20859375
0 0.1421875 0.403125 0.08359375 0.125
0 0.3109375 0.334375 0.140625 0.19453125
0 0.171875 0.2796875 0.08046875 0.121875
0 0.10390625 0.25859375 0.09453125 0.16796875
0 0.228125 0.05703125 0.08125 0.1140625
0 0.90625 0.40390625 0.09453125 0.16015625
0 0.90625 0.65234375 0.14453125 0.2015625
0 0.78203125 0.6859375 0.13125 0.1390625
0 0.75859375 0.9390625 0.09140625 0.121875
0 0.6671875 0.9578125 0.12109375 0.08359375
0 0.64609375 0.6921875 0.08515625 0.12734375
0 0.66484375 0.453125 0.096875 0.15390625
0 0.3859375 0.68671875 0.14921875 0.184375
0 0.32109375 0.490625 0.1 0.0984375
0 0.29453125 0.628125 0.07734375 0.23046875
0 0.6625 0.34296875 0.09296875 0.11484375
0 0.65703125 0.1234375 0.0734375 0.16015625
0 0.659375 0.24375 0.09296875 0.1171875