0 0.7265625 0.58984375 0.16171875 0.3546875
0 0.67265625 0.74921875 0.08984375 0.165625
0 0.74765625 0.809375 0.08984375 0.1515625
0 0.67109375 0.8984375 0.08671875 0.08359375
0 0.615625 0.88984375 0.0625 0.1390625
0 0.58046875 0.76484375 0.08828125 0.14375
0 0.5625 0.5625 0.11484375 0.165625
0 0.46796875 0.7875 0.1828125 0.425
0 0.3078125 0.80078125 0.11953125 0.38359375
0 0.209375 0.96640625 0.08984375 0.0671875
0 0.1828125 0.796875 0.08515625 0.15625
0 0.121875 0.83828125 0.0640625 0.12734375
0 0.0734375 0.86953125 0.07734375 0.14609375
0 0.02734375 0.88125 0.0546875 0.16875
0 0.12421875 0.7109375 0.11640625 0.1078125
0 0.0375 0.72421875 0.06875 0.1296875
0 0.0546875 0.47734375 0.109375 0.0953125
0 0.146875 0.43359375 0.09140625 0.1296875
0 0.10078125 0.365625 0.0734375 0.0890625
0 0.0359375 0.35703125 0.071875 0.11484375
0 0.05703125 0.28515625 0.1046875 0.1390625
0 0.33203125 0.3078125 0.20625 0.49140625
0 0.48671875 0.24140625 0.2078125 0.4578125
0 0.62734375 0.2 0.1828125 0.4
0 0.7578125 0.22890625 0.14609375 0.25703125
0 0.12890625 0.05859375 0.128125 0.1171875