0 0.90234375 0.87890625 0.1390625 0.20390625
0 0.8421875 0.67890625 0.09453125 0.24921875
0 0.7671875 0.6921875 0.09296875 0.27578125
0 0.690625 0.76171875 0.09296875 0.25703125
0 0.6 0.7765625 0.11484375 0.225
0 0.44609375 0.69375 0.096875 0.2421875
0 0.5109375 0.82265625 0.128125 0.3359375
0 0.38046875 0.93125 0.2421875 0.1375
0 0.19921875 0.85390625 0.14921875 0.24921875
0 0.19921875 0.61875 0.28984375 0.2828125
0 0.0390625 0.5984375 0.07421875 0.2609375
0 0.0609375 0.315625 0.121875 0.278125
0 0.07734375 0.128125 0.1109375 0.175
0 0.165625 0.14140625 0.103125 0.24921875
0 0.2421875 0.13515625 0.08671875 0.1796875
0 0.26328125 0.3453125 0.15859375 0.26328125
0 0.340625 0.19375 0.1015625 0.259375
0 0.58046875 0.2171875 0.11796875 0.2375
0 0.7953125 0.2203125 0.196875 0.26875
0 0.92578125 0.29140625 0.1421875 0.246875
0 0.9265625 0.0828125 0.14609375 0.14140625
0 0.7109375 0.4328125 0.12421875 0.21875
0 0.85390625 0.48828125 0.1109375 0.25703125
0 0.54609375 0.42578125 0.109375 0.35703125
0 0.43203125 0.38515625 0.1046875 0.35703125
0 0.92578125 0.51875 0.09453125 0.27578125
0 0.91640625 0.75546875 0.14296875 0.16328125