0 0.0671875 0.79296875 0.134375 0.1984375
0 0.31796875 0.9390625 0.08203125 0.121875
0 0.715625 0.73046875 0.15234375 0.1703125
0 0.746875 0.6046875 0.15078125 0.14375
0 0.8078125 0.4078125 0.1328125 0.1921875
0 0.81875 0.2171875 0.09140625 0.175
0 0.97421875 0.165625 0.0515625 0.259375
0 0.69296875 0.2046875 0.1359375 0.18984375
0 0.61328125 0.796875 0.046875 0.1515625
0 0.59921875 0.68828125 0.05703125 0.11953125
0 0.5578125 0.66875 0.0453125 0.1484375
0 0.5171875 0.671875 0.04765625 0.1578125
0 0.46875 0.6546875 0.08203125 0.17265625
0 0.4109375 0.634375 0.05078125 0.1703125
0 0.3578125 0.61953125 0.08203125 0.1796875
0 0.6453125 0.38046875 0.0671875 0.14609375
0 0.5828125 0.340625 0.0390625 0.10078125
0 0.59453125 0.44609375 0.0703125 0.10546875
0 0.5515625 0.52890625 0.12265625 0.1171875
0 0.45625 0.5109375 0.07890625 0.11484375
0 0.42890625 0.38046875 0.06875 0.13203125
0 0.36484375 0.378125 0.07421875 0.13203125
0 0.29609375 0.484375 0.08046875 0.11015625
0 0.25390625 0.5984375 0.11640625 0.1796875
0 0.175 0.55703125 0.06015625 0.1703125
0 0.11875 0.55859375 0.0640625 0.16796875
0 0.0609375 0.55546875 0.0625 0.121875
0 0.215625 0.2328125 0.08203125 0.1921875
0 0.1328125 0.221875 0.1140625 0.20390625
0 0.88359375 0.921875 0.128125 0.15625