0 0.82578125 0.44296875 0.30390625 0.83671875
0 0.62890625 0.834375 0.23515625 0.196875
0 0.51015625 0.5671875 0.203125 0.31875
0 0.459375 0.32265625 0.11796875 0.1796875
0 0.52578125 0.203125 0.15546875 0.13671875
0 0.27734375 0.5875 0.2375 0.403125
0 0.08359375 0.25859375 0.1671875 0.20625
0 0.2015625 0.2953125 0.1796875 0.3359375
0 0.1640625 0.08046875 0.14765625 0.16015625
0 0.06015625 0.1125 0.09453125 0.10546875
0 0.06796875 0.70390625 0.1359375 0.3
0 0.20078125 0.85625 0.175 0.278125
0 0.1109375 0.94453125 0.1703125 0.11015625
0 0.3890625 0.8609375 0.1984375 0.2734375
0 0.0828125 0.515625 0.12734375 0.16796875