0 0.0796875 0.71015625 0.159375 0.2953125
0 0.303125 0.53125 0.11640625 0.28984375
0 0.21015625 0.52890625 0.10625 0.19453125
0 0.09609375 0.15859375 0.14453125 0.1578125
0 0.14375 0.29375 0.0984375 0.21328125
0 0.2140625 0.26875 0.08046875 0.2546875
0 0.2953125 0.25546875 0.08515625 0.26640625
0 0.43203125 0.18203125 0.1765625 0.17265625
0 0.5171875 0.315625 0.08359375 0.19453125
0 0.44765625 0.346875 0.0609375 0.228125
0 0.4265625 0.5453125 0.08515625 0.1796875
0 0.51015625 0.5265625 0.0984375 0.27109375
0 0.41640625 0.73828125 0.096875 0.259375
0 0.39140625 0.9328125 0.12578125 0.134375
0 0.76015625 0.78203125 0.14453125 0.1484375
0 0.79765625 0.5421875 0.11796875 0.17734375
0 0.71875 0.3203125 0.1375 0.2328125
0 0.69140625 0.19375 0.09140625 0.134375
0 0.95234375 0.25078125 0.0953125 0.2109375
0 0.93203125 0.52421875 0.1359375 0.33828125
0 0.13984375 0.03828125 0.11484375 0.0765625