0 0.04609375 0.08828125 0.0921875 0.1109375
0 0.109375 0.04140625 0.08984375 0.0828125
0 0.1703125 0.49375 0.2453125 0.27890625
0 0.29921875 0.5890625 0.12265625 0.29453125
0 0.34609375 0.478125 0.1328125 0.12421875
0 0.36875 0.57734375 0.11640625 0.1375
0 0.2390625 0.75859375 0.271875 0.2140625
0 0.196875 0.62421875 0.059375 0.10078125
0 0.15390625 0.64765625 0.05703125 0.20390625
0 0.46328125 0.80390625 0.13125 0.16015625
0 0.35234375 0.8375 0.059375 0.09296875
0 0.20078125 0.86953125 0.09140625 0.08046875
0 0.0875 0.87734375 0.175 0.178125
0 0.03828125 0.54765625 0.0671875 0.2015625
0 0.04921875 0.6921875 0.0984375 0.14453125
0 0.35546875 0.0921875 0.08359375 0.10625
0 0.36796875 0.22109375 0.1375 0.1890625
0 0.478125 0.396875 0.1046875 0.2296875
0 0.421875 0.46484375 0.0953125 0.23828125
0 0.53671875 0.66796875 0.11953125 0.34921875
0 0.5671875 0.9390625 0.11796875 0.121875
0 0.63671875 0.13828125 0.1671875 0.24609375
0 0.49453125 0.18203125 0.06875 0.10078125
0 0.46171875 0.065625 0.09296875 0.1265625
0 0.82265625 0.07890625 0.175 0.1578125
0 0.91796875 0.28203125 0.11328125 0.29453125
0 0.80546875 0.3734375 0.059375 0.08515625
0 0.7765625 0.3 0.04921875 0.09765625
0 0.75859375 0.41875 0.0671875 0.1296875
0 0.68984375 0.434375 0.0609375 0.09296875
0 0.94765625 0.51796875 0.1046875 0.1578125
0 0.828125 0.57890625 0.12578125 0.103125
0 0.7546875 0.61796875 0.0625 0.103125
0 0.70859375 0.6484375 0.075 0.103125
0 0.79921875 0.74921875 0.16328125 0.17578125
0 0.9515625 0.68359375 0.096875 0.209375
0 0.9546875 0.88984375 0.090625 0.1421875
0 0.9296875 0.80390625 0.08359375 0.165625
0 0.81171875 0.9390625 0.1375 0.121875