0 0.1609375 0.6109375 0.1359375 0.28671875
0 0.07734375 0.909375 0.11640625 0.12421875
0 0.19609375 0.8140625 0.1328125 0.103125
0 0.22265625 0.95 0.16171875 0.08984375
0 0.0453125 0.68828125 0.0609375 0.0703125
0 0.02734375 0.62890625 0.04375 0.0953125
0 0.06875 0.79453125 0.065625 0.059375
0 0.01796875 0.7546875 0.0296875 0.15
0 0.0703125 0.31640625 0.134375 0.23515625
0 0.03046875 0.20390625 0.05234375 0.0671875
0 0.05546875 0.084375 0.08359375 0.16796875
0 0.20546875 0.246875 0.05546875 0.1421875
0 0.2484375 0.265625 0.05703125 0.14453125
0 0.25234375 0.43671875 0.075 0.1390625
0 0.3375 0.51640625 0.05078125 0.05703125
0 0.30390625 0.53359375 0.0296875 0.03359375
0 0.2734375 0.54921875 0.0390625 0.03828125
0 0.27578125 0.59453125 0.034375 0.0359375
0 0.30234375 0.628125 0.0390625 0.0671875
0 0.365625 0.60703125 0.05546875 0.0828125
0 0.43125 0.57734375 0.11171875 0.1890625
0 0.4765625 0.42109375 0.05234375 0.11875
0 0.50546875 0.23984375 0.14296875 0.15
0 0.6265625 0.371875 0.14296875 0.22734375
0 0.7796875 0.61875 0.14765625 0.29765625
0 0.6765625 0.63984375 0.0765625 0.265625
0 0.57109375 0.86796875 0.16484375 0.18125
0 0.40703125 0.85 0.175 0.27890625
0 0.55546875 0.68359375 0.09453125 0.08046875
0 0.5421875 0.60078125 0.0984375 0.0703125
0 0.38125 0.34375 0.11640625 0.1390625
0 0.3703125 0.14765625 0.0953125 0.17578125
0 0.21796875 0.090625 0.09296875 0.134375
0 0.63984375 0.07734375 0.14609375 0.15
0 0.76953125 0.28984375 0.0625 0.11875
0 0.70390625 0.18203125 0.11015625 0.1578125
0 0.80546875 0.1625 0.11953125 0.1703125
0 0.82578125 0.04921875 0.19609375 0.09765625
0 0.9265625 0.20546875 0.075 0.178125
0 0.8359375 0.32421875 0.08515625 0.10625
0 0.85390625 0.45390625 0.12734375 0.1375
0 0.946875 0.60078125 0.10625 0.25546875
0 0.96171875 0.43828125 0.0765625 0.1265625
0 0.84921875 0.91171875 0.3015625 0.17578125
0 0.45625 0.0734375 0.04765625 0.08515625
0 0.31875 0.021875 0.19453125 0.04375
0 0.25390625 0.74140625 0.05703125 0.14453125