0 0.6890625 0.8703125 0.1375 0.23515625
0 0.5921875 0.88203125 0.05390625 0.09140625
0 0.53671875 0.90859375 0.05703125 0.0765625
0 0.46875 0.92578125 0.1296875 0.14375
0 0.4421875 0.7515625 0.1671875 0.14140625
0 0.5875 0.6296875 0.16171875 0.20390625
0 0.56328125 0.44453125 0.26328125 0.2375
0 0.35234375 0.484375 0.1125 0.26875
0 0.14375 0.6140625 0.28671875 0.29296875
0 0.178125 0.86328125 0.31953125 0.26328125
0 0.871875 0.8984375 0.103125 0.19453125
0 0.828125 0.69375 0.08984375 0.19453125
0 0.78046875 0.484375 0.08671875 0.1921875
0 0.5921875 0.1546875 0.08359375 0.2328125
0 0.50703125 0.0515625 0.13125 0.09375
0 0.428125 0.2265625 0.14765625 0.21875
0 0.284375 0.103125 0.12578125 0.20625