0 0.7046875 0.68828125 0.0640625 0.14375
0 0.6390625 0.68125 0.07890625 0.17734375
0 0.55078125 0.684375 0.10625 0.18984375
0 0.44609375 0.69375 0.1 0.184375
0 0.346875 0.69296875 0.11640625 0.2015625
0 0.24296875 0.68359375 0.103125 0.1578125
0 0.34453125 0.50859375 0.08515625 0.14375
0 0.43359375 0.515625 0.0984375 0.16796875
0 0.51328125 0.51484375 0.0734375 0.13671875
0 0.54921875 0.09375 0.096875 0.17265625
0 0.4796875 0.13828125 0.06875 0.13203125
0 0.375 0.096875 0.0625 0.121875
0 0.42421875 0.23359375 0.08671875 0.1171875
0 0.3515625 0.2375 0.0984375 0.11953125
0 0.10859375 0.06328125 0.2109375 0.1265625
0 0.11640625 0.17265625 0.1671875 0.17265625
0 0.07109375 0.34375 0.1421875 0.16015625
0 0.04921875 0.4578125 0.0984375 0.10078125
0 0.04609375 0.58046875 0.0921875 0.1171875
0 0.63359375 0.55 0.04765625 0.0546875