0 0.74375 0.81953125 0.14765625 0.2171875
0 0.5421875 0.81796875 0.065625 0.08984375
0 0.5765625 0.7546875 0.046875 0.0828125
0 0.5390625 0.70546875 0.0640625 0.11875
0 0.490625 0.75625 0.0625 0.08515625
0 0.46640625 0.66015625 0.05078125 0.08984375
0 0.43671875 0.8203125 0.0453125 0.075
0 0.384375 0.7609375 0.071875 0.10078125
0 0.4015625 0.6921875 0.046875 0.0515625
0 0.36640625 0.6625 0.05390625 0.0703125
0 0.43671875 0.5015625 0.140625 0.22734375
0 0.6 0.603125 0.14765625 0.225
0 0.615625 0.74375 0.0359375 0.0828125
0 0.63828125 0.7828125 0.0390625 0.07265625
0 0.62890625 0.38125 0.12421875 0.178125
0 0.82578125 0.43828125 0.046875 0.23515625
0 0.73671875 0.428125 0.071875 0.1625
0 0.73984375 0.68359375 0.11328125 0.1734375
0 0.221875 0.94921875 0.1125 0.1015625
0 0.05234375 0.90390625 0.0984375 0.134375
0 0.13828125 0.7359375 0.0671875 0.078125
0 0.16875 0.6640625 0.071875 0.0875
0 0.28046875 0.46484375 0.11484375 0.253125
0 0.571875 0.13671875 0.11171875 0.1140625
0 0.37109375 0.23125 0.09140625 0.10625
0 0.0640625 0.50859375 0.128125 0.2484375
0 0.16640625 0.1921875 0.29765625 0.3640625