0 0.2890625 0.58828125 0.1296875 0.21328125
0 0.1046875 0.58046875 0.209375 0.20625
0 0.34609375 0.38125 0.12421875 0.18671875
0 0.43125 0.2375 0.09140625 0.1921875
0 0.32109375 0.2328125 0.11484375 0.2015625
0 0.2140625 0.228125 0.128125 0.26875
0 0.10859375 0.16171875 0.1390625 0.27578125
0 0.58515625 0.42109375 0.11484375 0.20859375
0 0.6609375 0.45234375 0.0984375 0.165625
0 0.51015625 0.63203125 0.1046875 0.27578125
0 0.5953125 0.59921875 0.1078125 0.21640625
0 0.66015625 0.61953125 0.08515625 0.175
0 0.7296875 0.56640625 0.0953125 0.20625
0 0.7859375 0.62578125 0.08671875 0.2203125
0 0.85234375 0.640625 0.08671875 0.2015625
0 0.91015625 0.696875 0.08359375 0.18984375
0 0.96484375 0.71484375 0.05546875 0.2015625
0 0.86171875 0.44453125 0.09140625 0.1703125
0 0.959375 0.50390625 0.08046875 0.196875
0 0.77578125 0.3046875 0.11953125 0.196875