0 0.2515625 0.9296875 0.08515625 0.0984375
0 0.25078125 0.85234375 0.08359375 0.09375
0 0.2484375 0.6953125 0.08671875 0.1578125
0 0.2515625 0.57421875 0.10625 0.0890625
0 0.25546875 0.50703125 0.0984375 0.07421875
0 0.24921875 0.41328125 0.09140625 0.11328125
0 0.34609375 0.2265625 0.1 0.184375
0 0.24140625 0.1125 0.08828125 0.18203125
0 0.34296875 0.44296875 0.08828125 0.1515625
0 0.4578125 0.4546875 0.12109375 0.1703125
0 0.4703125 0.6390625 0.1125 0.175
0 0.47890625 0.7875 0.1 0.12734375
0 0.403125 0.88046875 0.08203125 0.14375
0 0.396875 0.76875 0.04921875 0.121875
0 0.396875 0.6296875 0.05859375 0.15625
0 0.4 0.4890625 0.0671875 0.11953125