0 0.73515625 0.22734375 0.09375 0.09921875
0 0.85859375 0.2015625 0.14375 0.16171875
0 0.3140625 0.27265625 0.1265625 0.0859375
0 0.23125 0.190625 0.0859375 0.1546875
0 0.23046875 0.4328125 0.1125 0.11484375
0 0.246875 0.33359375 0.1 0.0875
0 0.2359375 0.72578125 0.11328125 0.0734375
0 0.1921875 0.90859375 0.08359375 0.09765625
0 0.23828125 0.82578125 0.078125 0.14375
0 0.11328125 0.7890625 0.1453125 0.25625
0 0.8765625 0.4578125 0.0734375 0.0734375
0 0.78671875 0.50703125 0.11328125 0.1359375
0 0.73046875 0.3578125 0.11484375 0.05859375
0 0.871875 0.3671875 0.14296875 0.0828125
0 0.19453125 0.56640625 0.1234375 0.12890625