0 0.77578125 0.3015625 0.13515625 0.16015625
0 0.35546875 0.30625 0.109375 0.140625
0 0.17890625 0.4578125 0.1390625 0.11484375
0 0.1703125 0.85390625 0.15546875 0.125
0 0.30546875 0.709375 0.14140625 0.140625
0 0.44765625 0.703125 0.1328125 0.16484375
0 0.6515625 0.47734375 0.171875 0.16796875
0 0.84765625 0.67734375 0.125 0.08828125
0 0.76875 0.6640625 0.1 0.1375
0 0.36015625 0.4375 0.21171875 0.16484375
0 0.33203125 0.85546875 0.184375 0.1859375
0 0.65 0.334375 0.0890625 0.078125
0 0.65078125 0.69921875 0.14453125 0.2171875
0 0.90625 0.13671875 0.11875 0.15078125