0 0.16640625 0.23984375 0.128125 0.09921875
0 0.409375 0.35234375 0.16875 0.146875
0 0.39609375 0.6046875 0.090625 0.246875
0 0.4828125 0.52578125 0.12109375 0.125
0 0.565625 0.34921875 0.05703125 0.07578125
0 0.63671875 0.378125 0.0671875 0.07265625
0 0.8234375 0.28203125 0.0484375 0.1046875
0 0.15703125 0.471875 0.04765625 0.0453125
0 0.18671875 0.584375 0.0640625 0.07578125
0 0.18046875 0.5078125 0.11171875 0.05703125
0 0.8640625 0.92890625 0.14921875 0.084375
0 0.83203125 0.821875 0.11328125 0.11484375
0 0.51953125 0.275 0.02734375 0.03515625
0 0.54609375 0.25625 0.0234375 0.03046875
0 0.55703125 0.2921875 0.034375 0.02890625
0 0.7796875 0.47109375 0.221875 0.209375