0 0.525 0.33515625 0.1 0.12734375
0 0.521875 0.459375 0.090625 0.12265625
0 0.31015625 0.6234375 0.09296875 0.10859375
0 0.80625 0.48984375 0.125 0.1734375
0 0.23046875 0.7734375 0.1234375 0.1609375
0 0.2671875 0.896875 0.12109375 0.18125
0 0.37734375 0.0984375 0.13515625 0.196875
0 0.18203125 0.17265625 0.10234375 0.16875
0 0.13046875 0.228125 0.0796875 0.12421875
0 0.10625 0.31171875 0.10703125 0.1796875
0 0.259375 0.34140625 0.125 0.2328125
0 0.34296875 0.48125 0.0890625 0.18125
0 0.20234375 0.4625 0.15390625 0.165625
0 0.4671875 0.565625 0.1140625 0.14921875
0 0.6234375 0.646875 0.08828125 0.14609375
0 0.65390625 0.796875 0.121875 0.1765625
0 0.55078125 0.74375 0.12421875 0.153125
0 0.7984375 0.65546875 0.1015625 0.14609375
0 0.8234375 0.79140625 0.08125 0.19375
0 0.74765625 0.76640625 0.0921875 0.12890625
0 0.88046875 0.6515625 0.109375 0.153125
0 0.54453125 0.6234375 0.06953125 0.07734375
0 0.34375 0.26796875 0.146875 0.1921875