0 0.73046875 0.2515625 0.14375 0.21796875
0 0.3703125 0.17734375 0.09921875 0.1421875
0 0.67265625 0.5046875 0.0890625 0.09375
0 0.55078125 0.55546875 0.07421875 0.09921875
0 0.8046875 0.57578125 0.2046875 0.146875
0 0.39609375 0.89609375 0.1 0.13515625
0 0.1328125 0.55703125 0.1015625 0.13671875
0 0.19140625 0.44453125 0.06640625 0.13828125
0 0.2578125 0.58515625 0.10546875 0.15
0 0.29296875 0.48046875 0.096875 0.09375
0 0.12890625 0.3109375 0.078125 0.11328125
0 0.21015625 0.20078125 0.11796875 0.13515625
0 0.09140625 0.165625 0.1046875 0.1625
0 0.496875 0.43359375 0.06640625 0.0890625
0 0.39453125 0.4203125 0.06328125 0.078125