0 0.3015625 0.07890625 0.06015625 0.125
0 0.35078125 0.09140625 0.06171875 0.07578125
0 0.4625 0.15078125 0.0828125 0.13984375
0 0.73828125 0.5 0.0578125 0.1234375
0 0.8265625 0.6375 0.09375 0.1921875
0 0.9625 0.70703125 0.0578125 0.090625
0 0.765625 0.9453125 0.103125 0.1046875
0 0.14609375 0.85234375 0.0828125 0.11171875
0 0.2328125 0.44609375 0.06640625 0.07265625
0 0.2390625 0.53125 0.05390625 0.07578125
0 0.18984375 0.41171875 0.05625 0.1609375
0 0.66015625 0.8625 0.03203125 0.103125
0 0.615625 0.79375 0.0421875 0.1
0 0.640625 0.7265625 0.04609375 0.11484375
0 0.68828125 0.80546875 0.06875 0.04921875
0 0.57890625 0.4296875 0.08046875 0.17265625