0 0.2375 0.51484375 0.0453125 0.11484375
0 0.44609375 0.0953125 0.05078125 0.0828125
0 0.46953125 0.771875 0.09453125 0.1328125
0 0.459375 0.6484375 0.06171875 0.13515625
0 0.1265625 0.76484375 0.1 0.1296875
0 0.0484375 0.75 0.08828125 0.09921875
0 0.29296875 0.9328125 0.05390625 0.0875
0 0.265625 0.76796875 0.06953125 0.0625
0 0.3265625 0.6625 0.06796875 0.1078125
0 0.38125 0.6484375 0.06796875 0.14140625
0 0.31953125 0.525 0.08515625 0.146875
0 0.390625 0.52109375 0.05625 0.1046875
0 0.57578125 0.359375 0.04140625 0.07890625
0 0.68515625 0.2734375 0.09140625 0.13359375
0 0.62421875 0.34609375 0.0640625 0.11484375
0 0.7078125 0.44765625 0.071875 0.11484375