0 0.565625 0.78046875 0.11953125 0.08828125
0 0.65625 0.915625 0.1421875 0.13125
0 0.2609375 0.39296875 0.1265625 0.13984375
0 0.66171875 0.49453125 0.07265625 0.0890625
0 0.94765625 0.425 0.10234375 0.1328125
0 0.64921875 0.175 0.0953125 0.203125
0 0.7578125 0.17578125 0.15625 0.115625
0 0.46015625 0.19296875 0.178125 0.18984375
0 0.4546875 0.3890625 0.14296875 0.1640625
0 0.58515625 0.38671875 0.14453125 0.134375
0 0.5796875 0.59375 0.1546875 0.13515625
0 0.9296875 0.9296875 0.140625 0.140625
0 0.871875 0.72578125 0.2328125 0.27265625