0 0.23046875 0.39296875 0.06015625 0.0890625
0 0.30390625 0.15859375 0.07890625 0.12109375
0 0.14296875 0.0921875 0.0625 0.0765625
0 0.09609375 0.15078125 0.0609375 0.065625
0 0.540625 0.33984375 0.05703125 0.0765625
0 0.41171875 0.415625 0.04453125 0.11171875
0 0.48125 0.39921875 0.05703125 0.12890625
0 0.3234375 0.59140625 0.059375 0.090625
0 0.175 0.68046875 0.07265625 0.09296875
0 0.409375 0.60546875 0.07734375 0.09609375
0 0.38671875 0.5015625 0.04765625 0.0625
0 0.7875 0.42421875 0.06015625 0.0703125
0 0.91953125 0.33203125 0.06328125 0.0671875
0 0.86875 0.23046875 0.0453125 0.06875
0 0.90703125 0.4140625 0.04609375 0.06875
0 0.653125 0.59453125 0.06640625 0.09296875
0 0.73828125 0.67109375 0.0640625 0.12109375
0 0.6015625 0.52265625 0.04453125 0.08125
0 0.55078125 0.58984375 0.0625 0.1453125