0 0.21328125 0.67578125 0.1140625 0.17265625
0 0.3671875 0.8203125 0.08046875 0.128125
0 0.6265625 0.41171875 0.10390625 0.1328125
0 0.646875 0.7859375 0.10390625 0.17578125
0 0.53046875 0.89375 0.11171875 0.11640625
0 0.534375 0.784375 0.08671875 0.1109375
0 0.540625 0.6484375 0.1046875 0.10078125
0 0.359375 0.1421875 0.13125 0.16953125
0 0.465625 0.15703125 0.08984375 0.1375
0 0.540625 0.06015625 0.090625 0.1203125
0 0.65234375 0.0734375 0.13984375 0.14609375
0 0.86484375 0.30078125 0.19453125 0.14296875