0 0.63359375 0.959375 0.1015625 0.08125
0 0.46484375 0.80234375 0.0890625 0.05625
0 0.2921875 0.64609375 0.078125 0.06640625
0 0.22421875 0.075 0.103125 0.08125
0 0.25 0.16484375 0.078125 0.07421875
0 0.61640625 0.38203125 0.06640625 0.0546875
0 0.5328125 0.39921875 0.0890625 0.0953125
0 0.32109375 0.50859375 0.0625 0.059375
0 0.621875 0.675 0.06640625 0.04140625
0 0.5671875 0.6640625 0.0578125 0.0578125
0 0.5875 0.525 0.1078125 0.0828125
0 0.571875 0.6046875 0.0734375 0.07265625
0 0.225 0.29921875 0.1015625 0.13515625
0 0.33515625 0.20390625 0.121875 0.06953125
0 0.3640625 0.29921875 0.20390625 0.12890625