0 0.33515625 0.09921875 0.1078125 0.1453125
0 0.1125 0.37421875 0.13203125 0.1296875
0 0.203125 0.5390625 0.1296875 0.1296875
0 0.50546875 0.40390625 0.0671875 0.09609375
0 0.821875 0.828125 0.15390625 0.13671875
0 0.73828125 0.70546875 0.15234375 0.134375
0 0.6796875 0.575 0.18359375 0.159375
0 0.47578125 0.8921875 0.0609375 0.1046875
0 0.34140625 0.67890625 0.0828125 0.10703125
0 0.25078125 0.7625 0.07421875 0.11328125
0 0.31171875 0.8109375 0.0609375 0.103125
0 0.23125 0.85390625 0.071875 0.11875
0 0.5921875 0.15078125 0.096875 0.16640625
0 0.4609375 0.278125 0.15859375 0.1609375
0 0.68828125 0.35078125 0.11171875 0.15703125
0 0.9421875 0.43515625 0.0828125 0.14140625