0 0.2390625 0.0984375 0.07109375 0.10078125
0 0.271875 0.20234375 0.07109375 0.09765625
0 0.31171875 0.7203125 0.0734375 0.0625
0 0.459375 0.8828125 0.06328125 0.04375
0 0.6125 0.75234375 0.0578125 0.05390625
0 0.56328125 0.7421875 0.046875 0.0453125
0 0.59921875 0.4296875 0.0609375 0.06171875
0 0.52890625 0.45390625 0.07734375 0.0921875
0 0.44921875 0.5796875 0.07734375 0.09765625
0 0.23828125 0.3453125 0.096875 0.14609375
0 0.36796875 0.4625 0.0640625 0.115625
0 0.4484375 0.25234375 0.07265625 0.0859375
0 0.3875 0.3515625 0.196875 0.1359375
0 0.471875 0.71015625 0.0734375 0.10234375