0 0.0640625 0.17421875 0.0890625 0.19453125
0 0.2453125 0.33125 0.1109375 0.16484375
0 0.3765625 0.40078125 0.10546875 0.134375
0 0.5546875 0.1859375 0.075 0.10546875
0 0.5453125 0.3125 0.09296875 0.16640625
0 0.63203125 0.209375 0.121875 0.11328125
0 0.66328125 0.34296875 0.0859375 0.14765625
0 0.5234375 0.87734375 0.09765625 0.1453125
0 0.7265625 0.76640625 0.1 0.10390625
0 0.72265625 0.86484375 0.09453125 0.10703125
0 0.8125 0.865625 0.11640625 0.1265625
0 0.3625 0.67890625 0.09296875 0.1375
0 0.34375 0.80625 0.09453125 0.1453125
0 0.2609375 0.6484375 0.103125 0.15234375
0 0.1609375 0.71953125 0.10625 0.15859375
0 0.1125 0.8875 0.08203125 0.14609375
0 0.2390625 0.95546875 0.0671875 0.0890625
0 0.29140625 0.9609375 0.096875 0.078125
0 0.49296875 0.44921875 0.08359375 0.125
0 0.40703125 0.5265625 0.08203125 0.15546875
0 0.525 0.584375 0.0953125 0.15390625