0 0.165625 0.2109375 0.1078125 0.1359375
0 0.15078125 0.34453125 0.096875 0.09296875
0 0.16953125 0.43125 0.06953125 0.08125
0 0.76796875 0.78984375 0.11640625 0.14921875
0 0.6890625 0.7421875 0.06015625 0.04140625
0 0.76015625 0.9328125 0.09609375 0.08984375
0 0.80078125 0.0578125 0.053125 0.10625
0 0.43828125 0.13046875 0.10546875 0.11640625
0 0.55390625 0.13984375 0.0875 0.09765625
0 0.43359375 0.3265625 0.071875 0.08671875
0 0.38046875 0.215625 0.06953125 0.09453125
0 0.23046875 0.34609375 0.071875 0.09296875
0 0.3265625 0.88984375 0.10078125 0.13125
0 0.2609375 0.7734375 0.0875 0.08984375
0 0.37578125 0.7640625 0.071875 0.12109375
0 0.61484375 0.36953125 0.06953125 0.11328125
0 0.3203125 0.4078125 0.13671875 0.1515625
0 0.36875 0.5796875 0.1609375 0.1859375
0 0.7515625 0.55703125 0.09609375 0.14296875
0 0.73203125 0.428125 0.109375 0.0984375
0 0.56015625 0.55859375 0.14765625 0.1546875
0 0.5328125 0.28203125 0.1078125 0.1265625
0 0.16875 0.65859375 0.109375 0.13984375
0 0.21484375 0.53828125 0.1125 0.14453125
0 0.446875 0.4625 0.0875 0.09296875
0 0.640625 0.0921875 0.06875 0.0578125
0 0.23203125 0.14375 0.0609375 0.06953125
0 0.30625 0.13671875 0.053125 0.06015625