0 0.146875 0.33359375 0.05234375 0.09296875
0 0.1421875 0.47734375 0.06796875 0.128125
0 0.15078125 0.6078125 0.06875 0.1015625
0 0.2125 0.3109375 0.0609375 0.096875
0 0.30546875 0.2671875 0.06015625 0.1171875
0 0.5140625 0.53828125 0.07265625 0.15703125
0 0.775 0.3671875 0.06796875 0.1109375
0 0.70078125 0.48828125 0.07578125 0.140625
0 0.79296875 0.5953125 0.0671875 0.1171875
0 0.80859375 0.2234375 0.071875 0.1453125
0 0.50859375 0.83359375 0.0515625 0.1234375
0 0.56796875 0.91015625 0.0484375 0.08984375
0 0.23125 0.66640625 0.07890625 0.1453125
0 0.28046875 0.378125 0.04921875 0.06796875
0 0.3328125 0.453125 0.06171875 0.16796875
0 0.31015625 0.62265625 0.0765625 0.121875
0 0.340625 0.81875 0.06796875 0.121875
0 0.53203125 0.690625 0.07734375 0.103125
0 0.234375 0.859375 0.0484375 0.08046875
0 0.23515625 0.78984375 0.03671875 0.05234375
0 0.27265625 0.78515625 0.0421875 0.07734375
0 0.2703125 0.865625 0.03359375 0.07734375
0 0.1609375 0.18984375 0.0578125 0.0984375
0 0.53359375 0.5890625 0.07265625 0.08203125