0 0.21875 0.2 0.05703125 0.090625
0 0.278125 0.390625 0.0578125 0.0921875
0 0.22734375 0.4984375 0.07421875 0.0875
0 0.1953125 0.10703125 0.07109375 0.07421875
0 0.43046875 0.715625 0.06015625 0.06953125
0 0.4328125 0.85859375 0.0734375 0.07109375
0 0.64609375 0.7140625 0.071875 0.10859375
0 0.53828125 0.6890625 0.0609375 0.10390625
0 0.66328125 0.5890625 0.09296875 0.10234375
0 0.534375 0.56484375 0.05390625 0.0875
0 0.88125 0.740625 0.11796875 0.10546875
0 0.2984375 0.88671875 0.05234375 0.0859375
0 0.36640625 0.82109375 0.11171875 0.240625
0 0.35078125 0.6578125 0.08984375 0.128125