0 0.128125 0.1546875 0.10078125 0.1109375
0 0.17890625 0.453125 0.071875 0.06953125
0 0.7046875 0.5671875 0.06953125 0.0796875
0 0.634375 0.5875 0.05859375 0.0640625
0 0.63984375 0.3609375 0.1 0.14609375
0 0.56640625 0.06015625 0.11171875 0.10078125
0 0.54453125 0.19453125 0.0828125 0.090625
0 0.59765625 0.153125 0.09453125 0.121875
0 0.425 0.1578125 0.0765625 0.0796875
0 0.37734375 0.28828125 0.13828125 0.1046875
0 0.7875 0.33515625 0.07578125 0.078125
0 0.75859375 0.78125 0.11015625 0.18125
0 0.17578125 0.86484375 0.06640625 0.1078125
0 0.0953125 0.82734375 0.078125 0.1234375
0 0.26328125 0.7875 0.10078125 0.1234375
0 0.26640625 0.384375 0.07421875 0.09609375
0 0.1015625 0.7171875 0.06640625 0.0953125