0 0.74609375 0.41328125 0.171875 0.2328125
0 0.77421875 0.553125 0.14375 0.16484375
0 0.74453125 0.7296875 0.16171875 0.1921875
0 0.209375 0.1765625 0.12109375 0.16171875
0 0.32109375 0.32734375 0.13828125 0.328125
0 0.20078125 0.33203125 0.13046875 0.15
0 0.08828125 0.71875 0.1765625 0.27265625
0 0.19765625 0.90078125 0.1171875 0.15546875
0 0.103125 0.92734375 0.103125 0.1328125
0 0.28125 0.659375 0.1390625 0.22421875
0 0.08828125 0.18515625 0.06875 0.0921875
0 0.7140625 0.9390625 0.15234375 0.12109375
0 0.540625 0.27421875 0.171875 0.27109375
0 0.56875 0.746875 0.16796875 0.17578125